Index TimeStamp Run Evt-Id HV {#events}
00001 20160914151503 280667 18503 350
00001 20160914151714 280667 108889 350 90386
00002 20160914152211 280667 131633 325
00002 20160914152423 280667 222769 325 91136
00003 20160914152752 280667 242582 300
00003 20160914153003 280667 333416 300 90834
00004 20160914153302 280667 354769 285
00004 20160914153512 280667 446433 285 91664
00005 20160914153825 280667 467808 270
00005 20160914154036 280667 557683 270 89875
00006 20160914154641 280667 574866 255
00006 20160914154852 280667 665009 255 90143
00007 20160914155147 280667 681306 240
00007 20160914155358 280667 771290 240 89984
00008 20160914155914 280667 787695 225
00008 20160914160125 280667 879385 225 91690
00009 20160914160408 280667 894072 210
00009 20160914160619 280667 985362 210 91290
00010 20160914160932 280667 1000244 195
00010 20160914161143 280667 1090415 195 90171
00011 20160914161355 280667 1105041 180
00011 20160914161607 280667 1195840 180 90799
00012 20160914161954 280667 1210973 165
00012 20160914162205 280667 1301381 165 90408
00013 20160914162446 280667 1317343 150
00013 20160914162657 280667 1408731 150 91388
00014 20160914162917 280667 1424567 135
00014 20160914163128 280667 1515232 135 90665
00015 20160914163426 280667 1529813 120
00015 20160914163637 280667 1620438 120 90625
00016 20160914163923 280667 1636299 105
00016 20160914164134 280667 1726841 105 90542
00017 20160914164443 280667 1748617 90
00017 20160914164654 280667 1839592 90 90975
00018 20160914164957 280667 1857159 75
00018 20160914165208 280667 1947703 75 90544
00019 20160914165458 280667 1963811 60
00019 20160914165709 280667 2055459 60 91648
00020 20160914170021 280667 2073408 45
00020 20160914170232 280667 2163579 45 90171
00021 20160914170455 280667 2182923 30
00021 20160914170706 280667 2273759 30 90836
