Index TimeStamp Run Evt-Id HV {#events}
00055 20170919184109 303272 149486 10
00055 20170919184320 303272 162547 10 13061
00056 20170919185147 303272 196081 20
00056 20170919185509 303272 215962 20 19881
00057 20170919185812 303272 220503 30
00057 20170919190133 303272 240208 30 19705
00058 20170919190525 303272 247621 40
00058 20170919190846 303272 267352 40 19731
00059 20170919191214 303272 275847 50
00059 20170919191535 303272 295633 50 19786
00060 20170919191901 303272 300288 60
00060 20170919192222 303272 320230 60 19942
00061 20170919192545 303272 324526 70
00061 20170919192906 303272 344174 70 19648
00062 20170919193133 303272 347983 80
00062 20170919193454 303272 367689 80 19706
00063 20170919193658 303272 371554 90
00063 20170919194020 303272 391628 90 20074
00064 20170919194225 303272 394266 100
00064 20170919194546 303272 414088 100 19822
00065 20170919194815 303272 417950 110
00065 20170919195136 303272 437660 110 19710
00066 20170919195409 303272 443224 120
00066 20170919195730 303272 463116 120 19892
00067 20170919200251 303272 473171 130
00067 20170919200612 303272 492947 130 19776
00068 20170919200823 303272 496046 140
00068 20170919201144 303272 515874 140 19828
00069 20170919201415 303272 519092 150
00069 20170919201736 303272 539008 150 19916
00070 20170919201944 303272 541162 160
00070 20170919202306 303272 560827 160 19665
00071 20170919202535 303272 563848 170
00071 20170919202857 303272 583160 170 19312
00072 20170919203136 303272 585706 180
00072 20170919203457 303272 605426 180 19720
00073 20170919203703 303272 608864 190
00073 20170919204024 303272 627630 190 18766
00074 20170920085435 303314 29355 190
00074 20170920085756 303314 49012 190 19657
00075 20170920090615 303314 61762 210
00075 20170920090936 303314 81449 210 19687
00076 20170920091135 303314 84988 225
00076 20170920091456 303314 104113 225 19125
00077 20170920091824 303314 110200 240
00077 20170920092144 303314 129791 240 19591
00078 20170920092319 303314 131457 255
00078 20170920092639 303314 150946 255 19489
00079 20170920092820 303314 151583 270
00079 20170920093141 303314 170284 270 18701
00080 20170920093323 303314 171919 285
00080 20170920093643 303314 190828 285 18909






