00080 20180619145032 318024 31478 10
00080 20180619145432 318024 55192 10 23714
00081 20180619145729 318024 72320 50
00081 20180619150129 318024 96120 50 23800
00082 20180619150348 318024 109743 100
00082 20180619150749 318024 133321 100 23578
00083 20180619151056 318024 151751 150
00083 20180619151457 318024 175502 150 23751
00084 20180619151723 318024 190011 200
00084 20180619152124 318024 213720 200 23709
00085 20180619152437 318024 232527 225
00085 20180619152837 318024 256176 225 23649
00086 20180619153219 318024 277910 250
00086 20180619153619 318024 301606 250 23696
00087 20180619153912 318024 318633 275
00087 20180619154313 318024 342320 275 23687
00088 20180619154539 318024 356661 300
00088 20180619154940 318024 380418 300 23757

