00048 20180618095833 317974 4250 10
00048 20180618095934 317974 10356 10 6106
00049 20180618100007 317974 13403 10
00049 20180618100208 317974 25360 10 11957
00050 20180618100309 317974 31225 10
00050 20180618100629 317974 51009 10 19784
00051 20180618100816 317974 61475 10
00051 20180618101217 317974 85154 10 23679
00052 20180618102210 317974 143525 15
00052 20180618102611 317974 167332 15 23807
00053 20180618102809 317974 178812 20
00053 20180618103210 317974 202553 20 23741
00054 20180618103340 317974 211491 25
00054 20180618103741 317974 235282 25 23791
00055 20180618103926 317974 245672 30
00055 20180618104327 317974 269159 30 23487
00056 20180618104509 317974 279150 35
00056 20180618104910 317974 303047 35 23897
00057 20180618105039 317974 311881 40
00057 20180618105440 317974 335448 40 23567
00058 20180618105602 317974 343660 50
00058 20180618110003 317974 367204 50 23544
00059 20180618110547 317974 401094 60
00059 20180618110948 317974 424960 60 23866
00060 20180618111229 317974 440535 70
00060 20180618111630 317974 464261 70 23726
00061 20180618112120 317974 492950 80
00061 20180618112521 317974 516679 80 23729
00062 20180618112631 317974 523336 90
00062 20180618113032 317974 547133 90 23797
00063 20180618113321 317974 563850 100
00063 20180618113722 317974 587484 100 23634
00064 20180618113844 317974 595479 105
00064 20180618114245 317974 619183 105 23704
00065 20180618114511 317974 633647 120
00065 20180618114912 317974 657278 120 23631
00066 20180618115110 317974 668939 135
00066 20180618115511 317974 692664 135 23725
00067 20180618115627 317974 700010 150
00067 20180618120028 317974 723847 150 23837
00068 20180618120541 317974 753722 165
00068 20180618120942 317974 777547 165 23825
00069 20180618121129 317974 788054 180
00069 20180618121530 317974 811841 180 23787
00070 20180618121628 317974 817593 200
00070 20180618122028 317974 841189 200 23596
