00048 20180618095833 317974 4250 10
00048 20180618095934 317974 10356 10
00049 20180618100007 317974 13403 10
00049 20180618100208 317974 25360 10
00050 20180618100309 317974 31225 10
00050 20180618100629 317974 51009 10
00051 20180618100816 317974 61475 10
00051 20180618101217 317974 85154 10
00052 20180618102210 317974 143525 15
00052 20180618102611 317974 167332 15
00053 20180618102809 317974 178812 20
00053 20180618103210 317974 202553 20
00054 20180618103340 317974 211491 25
00054 20180618103741 317974 235282 25
00055 20180618103926 317974 245672 30
00055 20180618104327 317974 269159 30
00056 20180618104509 317974 279150 35
00056 20180618104910 317974 303047 35
00057 20180618105039 317974 311881 40
00057 20180618105440 317974 335448 40
00058 20180618105602 317974 343660 50
00058 20180618110003 317974 367204 50
00059 20180618110547 317974 401094 60
00059 20180618110948 317974 424960 60
00060 20180618111229 317974 440535 70
00060 20180618111630 317974 464261 70
00061 20180618112120 317974 492950 80
00061 20180618112521 317974 516679 80
00062 20180618112631 317974 523336 90
00062 20180618113032 317974 547133 90
00063 20180618113321 317974 563850 100
00063 20180618113722 317974 587484 100
00064 20180618113844 317974 595479 105
00064 20180618114245 317974 619183 105
00065 20180618114511 317974 633647 120
00065 20180618114912 317974 657278 120
00066 20180618115110 317974 668939 135
00066 20180618115511 317974 692664 135
00067 20180618115627 317974 700010 150
00067 20180618120028 317974 723847 150
00068 20180618120541 317974 753722 165
00068 20180618120942 317974 777547 165
00069 20180618121129 317974 788054 180
00069 20180618121530 317974 811841 180
00070 20180618121628 317974 817593 200
00070 20180618122028 317974 841189 200
00080 20180619145032 318024 31478 10
00080 20180619145432 318024 55192 10
00081 20180619145729 318024 72320 50
00081 20180619150129 318024 96120 50
00082 20180619150348 318024 109743 100
00082 20180619150749 318024 133321 100
00083 20180619151056 318024 151751 150
00083 20180619151457 318024 175502 150
00084 20180619151723 318024 190011 200
00084 20180619152124 318024 213720 200
00085 20180619152437 318024 232527 225
00085 20180619152837 318024 256176 225
00086 20180619153219 318024 277910 250
00086 20180619153619 318024 301606 250
00087 20180619153912 318024 318633 275
00087 20180619154313 318024 342320 275
00088 20180619154539 318024 356661 300
00088 20180619154940 318024 380418 300


